-0.00014889
-0.00015830
-0.00010307
-0.00010148
-0.00013642
-0.00013694
-0.00020757
-0.00023277
-0.00019966
-0.00014793
-0.00012163
-0.00011268
-0.00010090
-0.00002127
0.00013765
0.00026291
0.00021447
0.00006019
-0.00002090
0.00004300
0.00016482
0.00014941
0.00006529
-0.00002178
-0.00002236
0.00007365
0.00013486
0.00013115
0.00009019
0.00012517
0.00018555
0.00015706
0.00003981
-0.00007326
-0.00007561
0.00005813
0.00016337
0.00015132
0.00003677
-0.00007774
-0.00000134
0.00012702
0.00026916
0.00028078
0.00013931
0.00005025
0.00004744
0.00016625
0.00021866
0.00025258
0.00032527
0.00036881
0.00042394
0.00045804
0.00037513
0.00023136
0.00019206
0.00023960
0.00029420
0.00025006
0.00015665
0.00010563
0.00013770
0.00024791
0.00032460
0.00030326
0.00021119
0.00012081
0.00011681
0.00019699
0.00028450
0.00032834
0.00033423
0.00033410
0.00032391
0.00034070
0.00030773
0.00026231
0.00025854
0.00033017
0.00047933
0.00046977
0.00043343
0.00038870
0.00033214
0.00041331
0.00046919
0.00053943
0.00058008
0.00055479
0.00055983
0.00054754
0.00058323
0.00063307
0.00063558
0.00063745
0.00060498
0.00055341
0.00049108
0.00041960
0.00041904
0.00044097
0.00044442
0.00048060
0.00046211
0.00038282
0.00039731
0.00040734
0.00042892
0.00048161
0.00047268
0.00045941
0.00040173
0.00037799
0.00035689
0.00037454
0.00040700
0.00040933
0.00044586
0.00043384
0.00045117
0.00044670
0.00045944
0.00045042
0.00041699
0.00038600
0.00030021
0.00028090
0.00017928
0.00013674
0.00019873
0.00021821
0.00029225
0.00028275
0.00019672
0.00012932
0.00008933
0.00009171
0.00012145
0.00011934
0.00009064
0.00007707
0.00003555
0.00002108
0.00003781
0.00009833
0.00010432
0.00006443
0.00003117
-0.00007290
-0.00013198
-0.00017950
-0.00019930
-0.00021580
-0.00016912
-0.00011388
-0.00014438
-0.00012113
-0.00017413
-0.00018614
-0.00020485
-0.00023844
-0.00026704
-0.00040414
-0.00046272
-0.00054720
-0.00055590
-0.00045264
-0.00038198
-0.00032841
-0.00039042
-0.00052857
-0.00065290
-0.00065523
-0.00059185
-0.00054254
-0.00051544
-0.00056176
-0.00059909
-0.00065299
-0.00069516
-0.00067850
-0.00068753
-0.00063337
-0.00063531
-0.00070595
-0.00072599
-0.00083641
-0.00085144
-0.00080664
-0.00079286
-0.00075750
-0.00080219
-0.00082936
-0.00082154
-0.00076746
-0.00072420
-0.00069395
-0.00066617
-0.00068745
-0.00067556
-0.00067894
-0.00066182
-0.00063030
-0.00062454
-0.00055044
-0.00053175
-0.00057708
-0.00060251
-0.00066220
-0.00070657
-0.00075526
-0.00077183
-0.00077324
-0.00078912
-0.00075412
-0.00074092
-0.00074515
-0.00082640
-0.00095530
-0.00100256
-0.00098291
-0.00091078
-0.00089723
-0.00094965
-0.00104027
-0.00112796
-0.00114572
-0.00115590
-0.00106818
-0.00099312
-0.00099676
-0.00100582
-0.00108651
-0.00109600
-0.00101179
-0.00092763
-0.00088216
-0.00086602
-0.00089941
-0.00092813
-0.00093413
-0.00095339
-0.00091047
-0.00090726
-0.00092744
-0.00095134
-0.00090213
-0.00079643
-0.00080416
-0.00081984
-0.00081019
-0.00072631
-0.00064368
-0.00065250
-0.00067438
-0.00070984
-0.00071911
-0.00073027
-0.00072097
-0.00065516
-0.00061059
-0.00057404
-0.00051571
-0.00043467
-0.00034827
-0.00036032
-0.00038321
-0.00030772
-0.00029552
-0.00036671
-0.00042373
-0.00042814
-0.00029405
-0.00013320
-0.00011350
-0.00013153
-0.00021571
-0.00028885
-0.00022949
-0.00019503
-0.00021423
-0.00031165
-0.00038950
-0.00040529
-0.00044457
-0.00051214
-0.00059512
-0.00056907
-0.00045128
-0.00035607
-0.00038589
-0.00046320
-0.00042148
-0.00023714
0.00006325
0.00029971
0.00032219
0.00024892
0.00028169
0.00040393
0.00058348
0.00077703
0.00087644
0.00090627
0.00095457
0.00100489
0.00097382
0.00095381
0.00098932
0.00115023
0.00136941
0.00139349
0.00119349
0.00092997
0.00085550
0.00098249
0.00120861
0.00132213
0.00123441
0.00101579
0.00077738
0.00081057
0.00100912
0.00124081
0.00135056
0.00131712
0.00130237
0.00112647
0.00094473
0.00092125
0.00097914
0.00113475
0.00134490
0.00146492
0.00141255
0.00124087
0.00108774
0.00113920
0.00129877
0.00141006
0.00141039
0.00124042
0.00101175
0.00088501
0.00087788
0.00090160
0.00092219
0.00091706
0.00085625
0.00075155
0.00062193
0.00048218
0.00046414
0.00053788
0.00061181
0.00069671
0.00063583
0.00051881
0.00044950
0.00042028
0.00052525
0.00066510
0.00071173
0.00068228
0.00057130
0.00045254
0.00042836
0.00048423
0.00062595
0.00074441
0.00079509
0.00070419
0.00051655
0.00042180
0.00036178
0.00040658
0.00047916
0.00047147
0.00043166
0.00033868
0.00028286
0.00026589
0.00026275
0.00026962
0.00025095
0.00022229
0.00017993
0.00009826
0.00005619
0.00009138
0.00015557
0.00026356
0.00035004
0.00034165
0.00024058
0.00013884
0.00009070
0.00005140
0.00002220
0.00000277
-0.00000926
0.00002822
0.00005997
0.00001125
-0.00004749
-0.00010900
-0.00013169
-0.00009072
-0.00007781
-0.00012513
-0.00021747
-0.00028383
-0.00025724
-0.00016182
-0.00014019
-0.00021113
-0.00032265
-0.00040478
-0.00036834
-0.00033523
-0.00033136
-0.00037308
-0.00047611
-0.00054063
-0.00057855
-0.00058999
-0.00057579
-0.00052130
-0.00045568
-0.00039766
-0.00038334
-0.00047734
-0.00054113
-0.00054570
-0.00047709
-0.00037491
-0.00038024
-0.00037212
-0.00036519
-0.00037912
-0.00035537
-0.00038897
-0.00039238
-0.00038648
-0.00042763
-0.00046082
-0.00052591
-0.00059347
-0.00060773
-0.00049577
-0.00040686
-0.00038028
-0.00034392
-0.00041481
-0.00053700
-0.00060474
-0.00061241
-0.00058557
-0.00056209
-0.00066409
-0.00067031
-0.00058970
-0.00061687
-0.00059404
-0.00059845
-0.00060978
-0.00061169
-0.00060388
-0.00063988
-0.00073450
-0.00078290
-0.00077228
-0.00065594
-0.00055185
-0.00052354
-0.00062181
-0.00073822
-0.00077564
-0.00072785
-0.00062674
-0.00063230
-0.00064978
-0.00072401
-0.00076763
-0.00070594
-0.00064014
-0.00051569
-0.00041853
-0.00035259
-0.00033736
-0.00034429
-0.00034815
-0.00033733
-0.00029953
-0.00028686
-0.00025618
-0.00030832
-0.00031853
-0.00021680
-0.00012398
-0.00001087
-0.00000874
-0.00010837
-0.00015566
-0.00016213
-0.00014962
-0.00011333
-0.00008017
-0.00005557
-0.00001182
0.00004081
0.00000575
0.00001699
0.00013335
0.00018943
0.00022260
0.00025222
0.00026513
0.00024215
0.00023101
0.00022242
0.00019823
0.00015610
0.00008889
0.00008690
0.00012898
0.00018823
0.00023125
0.00028313
0.00024753
0.00020560
0.00020592
0.00014335
0.00017627
0.00019017
0.00019570
0.00017181
0.00011773
0.00011677
0.00008998
0.00012299
0.00014997
0.00016187
0.00015184
0.00015284
0.00013061
0.00007894
0.00008314
0.00008703
0.00008087
0.00009901
0.00018577
0.00021337
0.00024890
0.00028934
0.00030396
0.00030179
0.00024465
0.00026015
0.00024967
0.00023805
0.00027901
0.00032862
0.00034190
0.00031134
0.00030978
0.00027565
0.00023579
0.00021551
0.00017277
0.00018147
0.00028491
0.00031883
0.00030483
0.00032381
0.00027908
0.00023847
0.00020799
0.00017795
0.00021432
0.00024411
0.00021211
0.00021152
0.00018436
0.00014941
0.00019100
0.00016080
0.00014493
0.00015392
0.00011720
0.00013749
0.00011971
0.00008514
0.00009195
0.00004695
0.00005376
0.00009535
0.00011086
0.00015097
0.00016803
0.00017318
0.00017056
0.00017522
0.00015898
0.00009292
0.00006747
0.00004776
-0.00001136
-0.00004249
-0.00008212
-0.00010372
-0.00008723
-0.00009296
-0.00010833
-0.00010850
-0.00006604
-0.00003911
-0.00000786
0.00002379
0.00002642
0.00002802
0.00000134
-0.00003421
-0.00003469
-0.00003108
-0.00003003
-0.00001947
-0.00004406
-0.00003845
-0.00004855
-0.00004776
-0.00002717
-0.00004767
-0.00001875
-0.00002296
-0.00004328
-0.00006267
-0.00008838
-0.00007366
-0.00006151
-0.00003811
-0.00002732
-0.00006331
-0.00008996
-0.00008907
-0.00012196
-0.00011517
-0.00008963
-0.00008425
-0.00009062
-0.00012963
-0.00012903
-0.00016188
-0.00018312
-0.00017526
-0.00017943
-0.00014807
-0.00012108
-0.00012545
-0.00017674
-0.00021386
-0.00023153
-0.00024770
-0.00027066
-0.00029264
-0.00030731
-0.00037530
-0.00039910
-0.00036746
-0.00036605
-0.00034249
-0.00033312
-0.00037351
-0.00045557
-0.00049137
-0.00046061
-0.00046632
-0.00044894
-0.00045261
-0.00046183
-0.00045928
-0.00048385
-0.00042958
-0.00039571
-0.00041720
-0.00040078
-0.00041895
-0.00040274
-0.00031338
-0.00027694
-0.00024145
-0.00024645
-0.00029586
-0.00034276
-0.00037255
-0.00034966
-0.00035267
-0.00033291
-0.00037997
-0.00037768
-0.00029707
-0.00027387
-0.00022011
-0.00023953
-0.00026167
-0.00032167
-0.00035172
-0.00037413
-0.00040829
-0.00036492
-0.00039039
-0.00036843
-0.00039089
-0.00037537
-0.00035866
-0.00041107
-0.00041525
-0.00045185
-0.00043201
-0.00043653
-0.00044958
-0.00047833
-0.00050390
-0.00052496
-0.00058387
-0.00060088
-0.00062802
-0.00061098
-0.00058072
-0.00051418
-0.00050736
-0.00055239
-0.00058811
-0.00066701
-0.00063128
-0.00058710
-0.00053841
-0.00054390
-0.00057332
-0.00055552
-0.00058062
-0.00054319
-0.00051163
-0.00045614
-0.00044992
-0.00042002
-0.00037053
-0.00041392
-0.00036142
-0.00035431
-0.00033380
-0.00026683
-0.00024252
-0.00021159
-0.00021955
-0.00021329
-0.00020274
-0.00024301
-0.00025454
-0.00021399
-0.00021388
-0.00022311
-0.00022380
-0.00020993
-0.00019535
-0.00019625
-0.00019014
-0.00016951
-0.00013058
-0.00016491
-0.00021314
-0.00017608
-0.00015011
-0.00013827
-0.00012697
-0.00011201
-0.00005584
-0.00004004
-0.00003646
-0.00006286
-0.00010446
-0.00008714
-0.00007127
-0.00008195
-0.00011022
-0.00013677
-0.00014916
-0.00014515
-0.00010739
-0.00002180
0.00003083
0.00006489
0.00003724
-0.00000336
-0.00001560
-0.00005420
-0.00004997
-0.00011229
-0.00013274
-0.00014021
-0.00021294
-0.00017887
-0.00014922
-0.00013799
-0.00012028
-0.00017744
-0.00023464
-0.00025494
-0.00022690
-0.00019035
-0.00011983
-0.00003866
-0.00007241
-0.00012754
-0.00020073
-0.00021571
-0.00020572
-0.00026778
-0.00033994
-0.00043110
-0.00046593
-0.00043941
-0.00041357
-0.00040605
-0.00037650
-0.00039232
-0.00043185
-0.00045195
-0.00050805
-0.00050429
-0.00042247
-0.00034085
-0.00025554
-0.00017272
-0.00016344
-0.00019199
-0.00021279
-0.00020206
-0.00016737
-0.00013823
-0.00011138
-0.00006326
-0.00006114
-0.00013615
-0.00014745
-0.00013494
-0.00010274
-0.00005843
-0.00001028
0.00002462
0.00003806
0.00006744
0.00004625
0.00013173
0.00013967
0.00009318
0.00012234
0.00006111
0.00006704
0.00003702
-0.00000715
0.00001319
0.00007186
0.00013718
0.00012017
0.00013261
0.00016441
0.00018929
0.00021958
0.00024312
0.00024662
0.00027125
0.00030106
0.00025717
0.00024093
0.00026643
0.00027827
0.00029241
0.00028905
0.00032515
0.00033463
0.00030245
0.00033833
0.00038975
0.00045275
0.00047550
0.00050565
0.00051452
0.00042507
0.00038024
0.00033498
0.00032177
0.00032893
0.00033257
0.00036886
0.00036561
0.00036888
0.00033789
0.00033207
0.00028432
0.00020365
0.00018396
0.00011609
0.00017119
0.00021823
0.00023185
0.00030972
0.00032901
0.00036961
0.00036297
0.00032164
0.00025702
0.00016741
0.00012484
0.00009536
0.00013155
0.00020810
0.00027531
0.00039904
0.00038990
0.00032884
0.00031135
0.00022695
0.00023676
0.00023286
0.00025012
0.00024756
0.00023398
0.00028131
0.00029308
0.00032242
0.00037246
0.00039369
0.00034386
0.00033042
0.00023741
0.00023420
0.00024594
0.00023926
0.00033366
0.00025906
0.00025163
0.00022623
0.00021695
0.00022369
0.00023623
0.00034331
0.00027960
0.00027682
0.00026685
0.00021185
0.00016062
0.00011672
0.00009860
0.00002526
0.00004845
0.00000332
0.00003106
0.00009352
0.00003528
0.00008759
0.00008438
0.00000369
-0.00004350
-0.00009211
-0.00011833
-0.00011299
-0.00009113
-0.00005659
-0.00003326
-0.00007465
-0.00009755
-0.00008226
-0.00008790
-0.00007034
-0.00011283
-0.00015937
-0.00015875
-0.00020737
-0.00020402
-0.00018111
-0.00013753
-0.00003966
0.00001160
0.00004391
0.00003456
-0.00001790
-0.00007372
-0.00010107
-0.00010461
-0.00012079
-0.00011936
-0.00011915
-0.00009067
-0.00006259
-0.00001348
-0.00000503
-0.00009427
-0.00016053
