0.00062454
0.00058569
0.00066753
0.00074661
0.00068718
0.00069082
0.00084237
0.00080178
0.00081465
0.00102231
0.00097086
0.00101119
0.00099394
0.00094139
0.00118761
0.00121795
0.00124437
0.00137652
0.00144622
0.00150833
0.00150299
0.00164007
0.00169931
0.00167017
0.00176186
0.00178897
0.00181960
0.00183896
0.00184761
0.00188231
0.00192155
0.00195887
0.00190580
0.00194483
0.00201772
0.00201981
0.00200320
0.00203605
0.00212827
0.00212446
0.00216855
0.00217103
0.00215280
0.00222479
0.00226296
0.00226453
0.00232838
0.00237679
0.00232631
0.00243282
0.00247252
0.00246930
0.00252736
0.00250241
0.00252294
0.00257272
0.00262817
0.00261346
0.00264452
0.00269302
0.00266385
0.00266328
0.00265292
0.00266734
0.00270265
0.00264136
0.00259243
0.00262829
0.00256461
0.00254211
0.00259497
0.00256572
0.00250473
0.00243530
0.00242524
0.00242720
0.00243217
0.00240382
0.00236476
0.00239013
0.00234330
0.00229192
0.00224167
0.00223653
0.00227912
0.00219884
0.00220919
0.00220484
0.00209364
0.00212478
0.00208318
0.00200670
0.00201262
0.00196757
0.00192558
0.00189401
0.00187571
0.00182459
0.00175420
0.00168013
0.00161873
0.00164280
0.00156495
0.00146004
0.00141588
0.00135644
0.00140868
0.00130603
0.00122294
0.00126135
0.00118113
0.00120540
0.00111601
0.00107597
0.00111739
0.00101639
0.00099926
0.00098387
0.00098088
0.00097947
0.00094778
0.00089439
0.00083314
0.00085692
0.00082781
0.00069450
0.00059995
0.00060505
0.00057722
0.00044241
0.00039273
0.00037924
0.00034023
0.00032447
0.00027352
0.00011251
0.00003622
0.00013024
-0.00009027
-0.00020459
-0.00013073
-0.00029597
-0.00034660
-0.00032274
-0.00032020
-0.00036069
-0.00035434
-0.00042568
-0.00049244
-0.00046646
-0.00053574
-0.00051247
-0.00065012
-0.00066245
-0.00064996
-0.00075045
-0.00066061
-0.00072820
-0.00073710
-0.00079949
-0.00084788
-0.00089262
-0.00102150
-0.00097606
-0.00103505
-0.00102919
-0.00106980
-0.00112529
-0.00108345
-0.00106957
-0.00108337
-0.00121219
-0.00123966
-0.00123759
-0.00124187
-0.00128865
-0.00132609
-0.00134395
-0.00141257
-0.00144316
-0.00144934
-0.00145752
-0.00148944
-0.00153248
-0.00165258
-0.00162444
-0.00159986
-0.00158894
-0.00154709
-0.00164583
-0.00165399
-0.00171179
-0.00174809
-0.00176563
-0.00182295
-0.00186091
-0.00189519
-0.00183584
-0.00190210
-0.00193521
-0.00193185
-0.00199096
-0.00197933
-0.00201940
-0.00203142
-0.00209349
-0.00206916
-0.00203289
-0.00213279
-0.00214294
-0.00218698
-0.00221396
-0.00222321
-0.00217825
-0.00216676
-0.00220175
-0.00221743
-0.00233608
-0.00239413
-0.00237198
-0.00238185
-0.00237658
-0.00232749
-0.00242595
-0.00247539
-0.00247882
-0.00244864
-0.00238399
-0.00250714
-0.00248940
-0.00247470
-0.00257657
-0.00255944
-0.00240267
-0.00243583
-0.00257738
-0.00246827
-0.00246926
-0.00243100
-0.00234582
-0.00237417
-0.00236528
-0.00239644
-0.00235764
-0.00231518
-0.00231014
-0.00234471
-0.00238475
-0.00238214
-0.00238639
-0.00234688
-0.00238734
-0.00246430
-0.00243178
-0.00235071
-0.00228618
-0.00223034
-0.00226494
-0.00237797
-0.00235245
-0.00229447
-0.00228429
-0.00233712
-0.00242364
-0.00237018
-0.00238601
-0.00243535
-0.00248696
-0.00248174
-0.00237679
-0.00246668
-0.00252246
-0.00239251
-0.00232167
-0.00241709
-0.00242316
-0.00242566
-0.00246720
-0.00242526
-0.00248127
-0.00244580
-0.00240452
-0.00247668
-0.00245593
-0.00243702
-0.00249176
-0.00243242
-0.00241166
-0.00249178
-0.00254076
-0.00260434
-0.00259022
-0.00256057
-0.00255275
-0.00252077
-0.00249024
-0.00243818
-0.00230057
-0.00223575
-0.00219997
-0.00198890
-0.00183353
-0.00175662
-0.00164434
-0.00147925
-0.00128933
-0.00122405
-0.00114652
-0.00090936
-0.00083437
-0.00080255
-0.00063946
-0.00059858
-0.00052742
-0.00053310
-0.00050114
-0.00041230
-0.00040730
-0.00032654
-0.00036197
-0.00026814
-0.00023625
-0.00026638
-0.00010992
-0.00015258
-0.00015915
-0.00011763
-0.00014072
-0.00012253
-0.00009503
-0.00002880
-0.00002695
0.00006358
0.00010229
0.00012832
0.00029700
0.00025024
0.00028879
0.00031819
0.00031110
0.00037726
0.00030595
0.00037259
0.00029796
0.00024280
0.00027729
0.00015939
0.00013235
0.00008483
0.00001610
-0.00007977
-0.00019944
-0.00025649
-0.00022066
-0.00026780
-0.00030464
-0.00028979
-0.00040798
-0.00036206
-0.00042822
-0.00047630
-0.00036851
-0.00042315
-0.00038776
-0.00042325
-0.00040083
-0.00035283
-0.00042316
-0.00030767
-0.00026465
-0.00022951
-0.00018471
-0.00018584
-0.00012118
-0.00020594
-0.00016302
-0.00011675
-0.00013911
-0.00003539
-0.00007767
-0.00009962
-0.00014326
-0.00021236
-0.00018942
-0.00024113
-0.00027237
-0.00029962
-0.00036062
-0.00037007
-0.00038546
-0.00037831
-0.00041917
-0.00047460
-0.00042967
-0.00046142
-0.00043965
-0.00037775
-0.00042310
-0.00044322
-0.00044604
-0.00040794
-0.00033594
-0.00034421
-0.00032408
-0.00029965
-0.00031028
-0.00025521
-0.00025521
-0.00022848
-0.00017215
-0.00013753
-0.00014630
-0.00018229
-0.00013204
-0.00005926
-0.00005626
-0.00013751
-0.00007206
-0.00000564
-0.00002297
-0.00004177
-0.00003177
0.00010147
0.00004511
0.00002147
0.00010034
0.00011700
0.00020519
0.00013054
0.00018022
0.00035029
0.00036985
0.00047693
0.00044992
0.00046367
0.00067906
0.00069706
0.00072119
0.00080011
0.00082364
0.00092361
0.00097878
0.00098555
0.00095765
0.00104489
0.00116443
0.00111034
0.00117213
0.00123098
0.00124344
0.00126209
0.00127037
0.00130166
0.00122987
0.00127860
0.00129726
0.00128758
0.00138934
0.00134588
0.00134936
0.00142704
0.00141273
0.00138896
0.00140099
0.00140871
0.00137024
0.00136916
0.00142369
0.00142079
0.00145088
0.00154075
0.00151600
0.00149432
0.00147118
0.00141916
0.00150182
0.00148853
0.00145902
0.00152840
0.00141781
0.00130524
0.00135508
0.00133270
0.00126328
0.00128596
0.00120880
0.00116159
0.00111880
0.00101226
0.00109192
0.00105382
0.00102453
0.00111004
0.00105343
0.00105505
0.00106248
0.00104075
0.00105612
0.00105400
0.00104417
0.00106426
0.00109532
0.00106728
0.00112247
0.00113619
0.00111018
0.00111757
0.00106418
0.00106228
0.00101270
0.00103953
0.00099879
0.00107898
0.00102473
0.00034744
0.00019888
0.00033606
0.00026384
0.00038707
0.00033444
0.00032123
0.00042651
0.00037026
0.00038452
0.00041004
0.00035992
0.00037605
0.00041427
0.00048883
0.00056960
0.00060608
0.00059299
0.00052582
0.00056997
0.00059878
0.00053771
0.00058772
0.00059232
0.00064649
0.00068043
0.00064033
0.00066343
0.00066081
0.00071714
0.00062676
0.00056602
0.00060042
0.00062988
0.00063755
0.00063864
0.00070904
0.00069797
0.00073099
0.00072950
0.00071521
0.00068833
0.00071254
0.00072110
0.00069486
0.00074461
0.00066167
0.00057126
0.00059297
0.00067947
0.00064122
0.00058298
0.00061891
0.00064943
0.00062739
0.00057693
0.00054462
0.00047797
0.00052778
0.00052518
0.00040373
0.00036668
0.00041525
0.00046270
0.00030742
0.00025955
0.00031780
0.00020243
0.00024308
0.00024836
0.00014966
0.00018048
0.00020030
0.00015291
0.00010700
0.00013231
0.00004072
-0.00000256
0.00003924
-0.00004480
-0.00001766
0.00002147
-0.00008806
-0.00019669
-0.00015254
-0.00011035
-0.00018639
-0.00025497
-0.00026798
-0.00025174
-0.00034730
-0.00038042
-0.00035781
-0.00046509
-0.00053529
-0.00052111
-0.00053047
-0.00056488
-0.00057867
-0.00058107
-0.00054075
-0.00056512
-0.00065655
-0.00066867
-0.00061308
-0.00058009
-0.00063349
-0.00069334
-0.00071749
-0.00072899
-0.00072256
-0.00067749
-0.00063814
-0.00064714
-0.00062340
-0.00059697
-0.00056430
-0.00057437
-0.00067895
-0.00063796
-0.00059410
-0.00061693
-0.00050681
-0.00045882
-0.00047470
-0.00044520
-0.00045652
-0.00049850
-0.00049129
-0.00043401
-0.00043117
-0.00043813
-0.00037589
-0.00038236
-0.00038320
-0.00032608
-0.00034586
-0.00037395
-0.00032691
-0.00029730
-0.00029699
-0.00026328
-0.00028062
-0.00027334
-0.00025153
-0.00018164
-0.00016562
-0.00020713
-0.00011011
-0.00013296
-0.00017057
-0.00013189
-0.00012277
-0.00010153
-0.00007900
-0.00014715
-0.00021306
-0.00018074
-0.00017446
-0.00013427
-0.00014420
-0.00012754
-0.00009935
-0.00015444
-0.00018597
-0.00015976
-0.00007852
-0.00013024
-0.00011119
-0.00007392
-0.00015893
-0.00008296
-0.00006166
-0.00007001
-0.00000604
-0.00000619
0.00003302
0.00004583
0.00000710
0.00002271
0.00006005
0.00004784
0.00009434
0.00013059
0.00004439
0.00007546
0.00012436
0.00013231
0.00019779
0.00010324
0.00010156
0.00023282
0.00015772
0.00012880
0.00013732
0.00006782
0.00006541
0.00005403
-0.00002033
-0.00000867
0.00001683
0.00001892
0.00010341
0.00007620
0.00006493
0.00006162
0.00006262
0.00010395
0.00002387
0.00004283
0.00015507
0.00007802
0.00000602
0.00008478
0.00007317
0.00015425
0.00011686
0.00004257
0.00011844
0.00004832
0.00009295
0.00018675
0.00008403
0.00007711
0.00018965
0.00011796
0.00007618
0.00007398
0.00010555
0.00008586
0.00003430
0.00009304
0.00006327
0.00003146
-0.00006740
-0.00012800
-0.00012327
-0.00010350
-0.00003733
0.00000168
-0.00002247
0.00003637
0.00012784
0.00004981
0.00006459
0.00011088
0.00017672
0.00010401
0.00000374
0.00010184
0.00006076
0.00010201
0.00013554
0.00004357
0.00003641
0.00007411
0.00003474
-0.00004286
-0.00010381
-0.00017889
-0.00012518
-0.00011328
-0.00020087
-0.00021553
-0.00022194
-0.00031074
-0.00036128
-0.00044202
-0.00047650
-0.00046903
-0.00052894
-0.00051099
-0.00063065
-0.00069998
-0.00072634
-0.00077426
-0.00074251
-0.00086713
-0.00096828
-0.00101386
-0.00105081
-0.00101965
-0.00103417
-0.00109558
-0.00116774
-0.00115280
-0.00112211
-0.00115318
-0.00116191
-0.00122216
-0.00122807
-0.00134689
-0.00148898
-0.00141763
-0.00147129
-0.00151615
-0.00152605
-0.00160295
-0.00159948
-0.00157968
-0.00162397
-0.00171276
-0.00174071
-0.00168515
-0.00171914
-0.00184618
-0.00183743
-0.00185152
-0.00191564
-0.00191028
-0.00189534
-0.00186742
-0.00192252
-0.00194963
-0.00199104
-0.00199215
-0.00194183
-0.00202491
-0.00203694
-0.00205645
-0.00207926
-0.00203906
-0.00202066
-0.00201708
-0.00196441
-0.00190095
-0.00197120
-0.00193066
-0.00189594
-0.00193285
-0.00196178
-0.00199824
-0.00191926
-0.00188556
-0.00185131
-0.00187373
-0.00180968
-0.00169430
-0.00169004
-0.00160964
-0.00161818
-0.00153266
-0.00143302
-0.00142139
-0.00134970
-0.00128174
-0.00112620
-0.00106193
-0.00102862
-0.00090409
-0.00083951
-0.00079664
-0.00067797
-0.00059444
-0.00053551
-0.00043904
-0.00039897
-0.00033246
-0.00023774
-0.00018409
-0.00019155
-0.00004949
0.00006861
0.00003499
0.00019071
0.00020199
0.00018694
0.00035784
0.00035975
0.00034649
0.00041563
0.00051694
0.00056319
0.00057038
0.00063897
0.00064059
0.00070099
0.00076491
0.00074208
0.00081502
0.00084990
0.00085729
0.00091460
0.00094689
0.00094152
0.00089898
0.00093224
0.00095065
0.00097336
0.00102689
0.00094518
0.00095811
0.00103220
0.00096237
0.00097394
0.00108366
0.00110882
0.00109769
0.00110526
0.00114754
0.00117971
0.00114163
0.00116492
0.00117277
0.00114216
0.00115365
0.00116702
0.00119428
0.00113733
0.00113267
0.00121458
0.00119094
0.00117895
0.00123947
0.00125856
0.00124849
0.00120462
0.00113003
0.00117279
0.00122988
0.00117265
0.00113857
0.00107780
0.00101664
0.00103318
0.00103798
0.00105343
0.00098005
0.00100549
0.00108179
0.00099125
0.00101605
0.00096130
0.00093049
0.00101302
0.00093621
0.00093116
0.00095040
0.00092209
0.00090716
0.00090778
0.00084051
0.00078281
0.00088954
0.00083692
0.00080057
0.00083768
0.00080344
0.00088024
0.00087300
0.00087050
0.00086570
0.00081640
0.00082476
0.00077959
0.00076995
0.00081434
0.00085051
0.00086585
0.00088180
0.00086749
0.00086405
0.00091324
0.00096942
0.00096580
0.00094497
0.00098303
0.00098242
0.00099978
0.00106365
0.00114216
0.00117259
0.00116778
0.00111822
0.00112124
0.00120671
0.00113310
0.00115920
0.00121760
0.00122397
0.00122965
0.00114893
0.00121292
0.00124519
0.00117995
0.00115461
