-0.00085819
-0.00093341
-0.00097138
-0.00096899
-0.00095625
-0.00097350
-0.00101896
-0.00099170
-0.00094502
-0.00102407
-0.00110044
-0.00102790
-0.00115724
-0.00125435
-0.00120381
-0.00134073
-0.00136513
-0.00131127
-0.00140686
-0.00148863
-0.00147213
-0.00142846
-0.00151776
-0.00158338
-0.00154350
-0.00162810
-0.00166005
-0.00168835
-0.00176386
-0.00171057
-0.00172782
-0.00178813
-0.00178610
-0.00174579
-0.00172023
-0.00174364
-0.00179309
-0.00176471
-0.00169296
-0.00175859
-0.00176620
-0.00178199
-0.00188271
-0.00191969
-0.00190569
-0.00189652
-0.00193846
-0.00193312
-0.00194192
-0.00193103
-0.00194292
-0.00199734
-0.00197387
-0.00199223
-0.00202920
-0.00199551
-0.00192572
-0.00196045
-0.00197603
-0.00195907
-0.00196614
-0.00187040
-0.00184585
-0.00183864
-0.00183742
-0.00185318
-0.00183373
-0.00188177
-0.00186419
-0.00182583
-0.00183729
-0.00178650
-0.00173585
-0.00174806
-0.00173004
-0.00176543
-0.00175544
-0.00164194
-0.00171993
-0.00171122
-0.00162849
-0.00171739
-0.00170895
-0.00169373
-0.00169490
-0.00166729
-0.00172846
-0.00169672
-0.00165383
-0.00168992
-0.00166868
-0.00159457
-0.00154224
-0.00162837
-0.00158227
-0.00155079
-0.00157935
-0.00150055
-0.00155340
-0.00147360
-0.00141784
-0.00141923
-0.00138228
-0.00136644
-0.00129897
-0.00131600
-0.00125685
-0.00118463
-0.00111940
-0.00108940
-0.00110061
-0.00108367
-0.00109365
-0.00102785
-0.00108484
-0.00105854
-0.00091916
-0.00100709
-0.00097802
-0.00092816
-0.00089314
-0.00084357
-0.00085943
-0.00077851
-0.00077823
-0.00069429
-0.00064819
-0.00062277
-0.00054281
-0.00054781
-0.00049012
-0.00048826
-0.00044048
-0.00040534
-0.00037153
-0.00034470
-0.00035029
-0.00025400
-0.00023254
-0.00020876
-0.00021591
-0.00023909
-0.00014812
-0.00012781
-0.00011821
-0.00001409
0.00000758
0.00000340
0.00004098
0.00003713
0.00008264
0.00012212
0.00015861
0.00017213
0.00015278
0.00020771
0.00020904
0.00023342
0.00027757
0.00029461
0.00035589
0.00032814
0.00037679
0.00045122
0.00038486
0.00043352
0.00047976
0.00052150
0.00059664
0.00057444
0.00062270
0.00065944
0.00068093
0.00068277
0.00071749
0.00083677
0.00080293
0.00075420
0.00077344
0.00080246
0.00080108
0.00081689
0.00084102
0.00082808
0.00085546
0.00085664
0.00083067
0.00077646
0.00080391
0.00080773
0.00084335
0.00091880
0.00086497
0.00088855
0.00089609
0.00091923
0.00095134
0.00094153
0.00102123
0.00104131
0.00101942
0.00110656
0.00112849
0.00113881
0.00124777
0.00125822
0.00129568
0.00134711
0.00136882
0.00142239
0.00148271
0.00152075
0.00151623
0.00152987
0.00146926
0.00155333
0.00159158
0.00148566
0.00154361
0.00152022
0.00155120
0.00160112
0.00156293
0.00152221
0.00153015
0.00158336
0.00155489
0.00164014
0.00156001
0.00154074
0.00164196
0.00152025
0.00152987
0.00151214
0.00150713
0.00155262
0.00158417
0.00157166
0.00149869
0.00158947
0.00156309
0.00155231
0.00162817
0.00158669
0.00163764
0.00163610
0.00160662
0.00156388
0.00148697
0.00155933
0.00157420
0.00161902
0.00159935
0.00158485
0.00172575
0.00167836
0.00167282
0.00181578
0.00182286
0.00180125
0.00191504
0.00188794
0.00188864
0.00196544
0.00192028
0.00197411
0.00200549
0.00202696
0.00210276
0.00215723
0.00214523
0.00217245
0.00225395
0.00225350
0.00227909
0.00225561
0.00225418
0.00228443
0.00226915
0.00227180
0.00227560
0.00240160
0.00236266
0.00235613
0.00246217
0.00231147
0.00237043
0.00241992
0.00236006
0.00239086
0.00237072
0.00239339
0.00236685
0.00235802
0.00230797
0.00220067
0.00217440
0.00216619
0.00207365
0.00197152
0.00192661
0.00191579
0.00186028
0.00175984
0.00170205
0.00162158
0.00158641
0.00150456
0.00137991
0.00128504
0.00119176
0.00114839
0.00109179
0.00103013
0.00100243
0.00098776
0.00088164
0.00081633
0.00081287
0.00069620
0.00067699
0.00066991
0.00058332
0.00058368
0.00051078
0.00045601
0.00042839
0.00036384
0.00039945
0.00041791
0.00043706
0.00042067
0.00031729
0.00031311
0.00031220
0.00023944
0.00022079
0.00023640
0.00026513
0.00020084
0.00013174
0.00012488
0.00011374
0.00013910
0.00014588
0.00013274
0.00010517
0.00017186
0.00016806
0.00011775
0.00015698
0.00015794
0.00020538
0.00015996
0.00014574
0.00026183
0.00018187
0.00013445
0.00026001
0.00028234
0.00026622
0.00023920
0.00026695
0.00025780
0.00019566
0.00024793
0.00016861
0.00010135
0.00018352
0.00013760
0.00004163
0.00009924
0.00009722
0.00004850
0.00002907
-0.00002602
0.00003380
0.00000025
-0.00009403
-0.00011424
-0.00016265
-0.00018032
-0.00018747
-0.00019150
-0.00023567
-0.00017306
-0.00013441
-0.00022442
-0.00017677
-0.00021547
-0.00023125
-0.00018537
-0.00020596
-0.00026415
-0.00031825
-0.00023141
-0.00029059
-0.00033717
-0.00030216
-0.00027775
-0.00029231
-0.00034998
-0.00030076
-0.00028441
-0.00033568
-0.00041564
-0.00037258
-0.00039322
-0.00043909
-0.00048003
-0.00056879
-0.00051514
-0.00053355
-0.00056687
-0.00059739
-0.00059525
-0.00054214
-0.00057191
-0.00058535
-0.00057278
-0.00060283
-0.00057300
-0.00051973
-0.00055425
-0.00047144
-0.00045217
-0.00046799
-0.00041675
-0.00048879
-0.00045626
-0.00045952
-0.00056381
-0.00063345
-0.00065183
-0.00061768
-0.00070510
-0.00072965
-0.00071096
-0.00080074
-0.00079564
-0.00082422
-0.00090529
-0.00090147
-0.00090623
-0.00090335
-0.00091494
-0.00093361
-0.00095116
-0.00096900
-0.00097628
-0.00097418
-0.00095910
-0.00097636
-0.00098167
-0.00092073
-0.00090355
-0.00089388
-0.00082900
-0.00090064
-0.00089492
-0.00084087
-0.00088388
-0.00087038
-0.00087044
-0.00086047
-0.00087894
-0.00091153
-0.00090978
-0.00087493
-0.00088430
-0.00091048
-0.00088102
-0.00090130
-0.00092452
-0.00096113
-0.00095791
-0.00093555
-0.00094452
-0.00088002
-0.00085881
-0.00087456
-0.00092973
-0.00092809
-0.00081451
-0.00084231
-0.00082388
-0.00075708
-0.00075339
-0.00071722
-0.00065331
-0.00065360
-0.00071327
-0.00066946
-0.00067203
-0.00066891
-0.00064811
-0.00059440
-0.00053954
-0.00058892
-0.00055787
-0.00055376
-0.00056406
-0.00056455
-0.00050186
-0.00046611
-0.00056375
-0.00050587
-0.00055820
-0.00059152
-0.00054220
-0.00060871
-0.00042120
-0.00056862
-0.00044925
0.00019296
0.00018553
0.00018740
0.00014523
0.00002812
0.00017226
0.00008000
0.00005489
0.00009661
0.00005883
0.00010017
0.00011098
0.00005252
0.00000344
-0.00002071
-0.00000644
-0.00001401
-0.00001451
-0.00003179
-0.00008212
-0.00004060
-0.00005827
-0.00006074
-0.00013954
-0.00020517
-0.00014412
-0.00022142
-0.00021209
-0.00018118
-0.00022161
-0.00026884
-0.00026635
-0.00023248
-0.00029610
-0.00035578
-0.00039055
-0.00042712
-0.00045093
-0.00042760
-0.00043718
-0.00039370
-0.00041434
-0.00046451
-0.00034525
-0.00035877
-0.00037354
-0.00026901
-0.00024814
-0.00025909
-0.00019958
-0.00019855
-0.00018653
-0.00013175
-0.00016565
-0.00018801
-0.00019757
-0.00014039
-0.00016971
-0.00014709
-0.00012418
-0.00020507
-0.00020287
-0.00026949
-0.00019141
-0.00018073
-0.00013773
-0.00007352
-0.00017097
-0.00009851
-0.00014778
-0.00012344
-0.00006544
-0.00007604
0.00000393
-0.00003806
0.00003183
0.00007003
0.00000643
0.00008048
0.00006977
-0.00004958
0.00000889
0.00007200
0.00002950
0.00013079
0.00013606
0.00009732
0.00013241
0.00010629
0.00020654
0.00020475
0.00015188
0.00023321
0.00025068
0.00036261
0.00040995
0.00038154
0.00041701
0.00039459
0.00038407
0.00032542
0.00032427
0.00035492
0.00038671
0.00039813
0.00034470
0.00033941
0.00029386
0.00035316
0.00036711
0.00036311
0.00038063
0.00030135
0.00037247
0.00040505
0.00041646
0.00041184
0.00037920
0.00038483
0.00041546
0.00048091
0.00047271
0.00054206
0.00056828
0.00055973
0.00060713
0.00057374
0.00057351
0.00065815
0.00068086
0.00065420
0.00065428
0.00062878
0.00067500
0.00071081
0.00068247
0.00067599
0.00070555
0.00071328
0.00068523
0.00076052
0.00072577
0.00068953
0.00078419
0.00076509
0.00076709
0.00083985
0.00081515
0.00077416
0.00084364
0.00086563
0.00089695
0.00092535
0.00085895
0.00089162
0.00085412
0.00078715
0.00082968
0.00078727
0.00077102
0.00073042
0.00071608
0.00079187
0.00071921
0.00066628
0.00070517
0.00071482
0.00067491
0.00060716
0.00061475
0.00065214
0.00055559
0.00057301
0.00060433
0.00051775
0.00055216
0.00052486
0.00057412
0.00055112
0.00049834
0.00057656
0.00058368
0.00063314
0.00058169
0.00049378
0.00054452
0.00059319
0.00055253
0.00059767
0.00060218
0.00057586
0.00064744
0.00055967
0.00054915
0.00058523
0.00049150
0.00056041
0.00056439
0.00048490
0.00051846
0.00047898
0.00046553
0.00043266
0.00039409
0.00038606
0.00037486
0.00036067
0.00029715
0.00031147
0.00024479
0.00023085
0.00021047
0.00015712
0.00020677
0.00017266
0.00018618
0.00011914
0.00008674
0.00006997
0.00006971
0.00009044
-0.00002750
0.00000171
0.00000500
-0.00000331
0.00002247
-0.00006060
-0.00010560
-0.00001066
-0.00001230
-0.00006660
-0.00002469
-0.00006334
-0.00008196
-0.00007925
-0.00005286
-0.00003024
-0.00001011
0.00000444
0.00000091
0.00001485
0.00003023
0.00014747
0.00016780
0.00012187
0.00022948
0.00023157
0.00019978
0.00022380
0.00017040
0.00023130
0.00022483
0.00017303
0.00022170
0.00020290
0.00015197
0.00008925
0.00008644
0.00010742
0.00011099
0.00007765
0.00009452
0.00016166
0.00014712
0.00019285
0.00018383
0.00018976
0.00026317
0.00023641
0.00029799
0.00034513
0.00038934
0.00048145
0.00049849
0.00054267
0.00055462
0.00054336
0.00053307
0.00053410
0.00052628
0.00054538
0.00061633
0.00060403
0.00057901
0.00052487
0.00057871
0.00069493
0.00070582
0.00077869
0.00079049
0.00080923
0.00086229
0.00084309
0.00088768
0.00092069
0.00097133
0.00100367
0.00099221
0.00105705
0.00106095
0.00103743
0.00109646
0.00114023
0.00114542
0.00118518
0.00119750
0.00120465
0.00126241
0.00124338
0.00125326
0.00130803
0.00128380
0.00124263
0.00116557
0.00116277
0.00122853
0.00116461
0.00112841
0.00110864
0.00104229
0.00104117
0.00093778
0.00088022
0.00092259
0.00085198
0.00088377
0.00088786
0.00086069
0.00096287
0.00091988
0.00093019
0.00093481
0.00087025
0.00093703
0.00091575
0.00087970
0.00089238
0.00089434
0.00085608
0.00078020
0.00070637
0.00066672
0.00065822
0.00059508
0.00050793
0.00047661
0.00044851
0.00036798
0.00035084
0.00026710
0.00019261
0.00017855
0.00012976
0.00011698
0.00004605
-0.00005034
-0.00018833
-0.00018638
-0.00015107
-0.00022006
-0.00028569
-0.00036918
-0.00036494
-0.00046369
-0.00044192
-0.00041440
-0.00053168
-0.00053200
-0.00058230
-0.00059186
-0.00062015
-0.00060173
-0.00064998
-0.00076700
-0.00076572
-0.00085732
-0.00086790
-0.00094665
-0.00100611
-0.00091818
-0.00097323
-0.00102219
-0.00104720
-0.00100267
-0.00099542
-0.00106221
-0.00104213
-0.00103074
-0.00099104
-0.00101679
-0.00103366
-0.00100532
-0.00103710
-0.00102790
-0.00099481
-0.00098568
-0.00099777
-0.00100854
-0.00102406
-0.00097162
-0.00097932
-0.00096734
-0.00093140
-0.00101965
-0.00096400
-0.00095221
-0.00091013
-0.00082195
-0.00084847
-0.00081283
-0.00081180
-0.00076871
-0.00072895
-0.00065725
-0.00064068
-0.00068920
-0.00064664
-0.00062178
-0.00055025
-0.00060134
-0.00063546
-0.00056305
-0.00054248
-0.00048886
-0.00045529
-0.00048657
-0.00052388
-0.00048281
-0.00045952
-0.00047460
-0.00054267
-0.00052871
-0.00045161
-0.00057974
-0.00060748
-0.00054260
-0.00056753
-0.00058216
-0.00065877
-0.00062019
-0.00051887
-0.00058166
-0.00058336
-0.00058769
-0.00060259
-0.00060614
-0.00070466
-0.00069270
-0.00070511
-0.00071112
-0.00070235
-0.00075827
-0.00076073
-0.00075598
-0.00077595
-0.00082040
-0.00078801
-0.00083281
-0.00087765
-0.00085283
-0.00088745
-0.00083956
-0.00082062
-0.00090387
-0.00094375
-0.00088580
-0.00089706
-0.00094502
-0.00092607
-0.00097358
-0.00101565
-0.00100939
-0.00098149
-0.00093246
-0.00093877
-0.00095782
-0.00097900
-0.00094220
-0.00081083
-0.00086987
-0.00089212
-0.00084563
-0.00091512
-0.00086716
-0.00092300
-0.00088293
