0.00064309
0.00062230
0.00079448
0.00069842
0.00071357
0.00070349
0.00041344
0.00069531
0.00083268
0.00099592
0.00097216
0.00077939
0.00115612
0.00114897
0.00110482
0.00107540
0.00102786
0.00138040
0.00128801
0.00127511
0.00157284
0.00170549
0.00178811
0.00171390
0.00167381
0.00166935
0.00165517
0.00187985
0.00192003
0.00172083
0.00193407
0.00203151
0.00213165
0.00218258
0.00198393
0.00223427
0.00223209
0.00230020
0.00252652
0.00247928
0.00257883
0.00259496
0.00264547
0.00265100
0.00262291
0.00273388
0.00268141
0.00241471
0.00265470
0.00306200
0.00292201
0.00301354
0.00312067
0.00320094
0.00331704
0.00324355
0.00333168
0.00319799
0.00325254
0.00338492
0.00317027
0.00323517
0.00328393
0.00300729
0.00309014
0.00338685
0.00298336
0.00279251
0.00306524
0.00299385
0.00287481
0.00273570
0.00286878
0.00282934
0.00263936
0.00282113
0.00264070
0.00249032
0.00270918
0.00275541
0.00249801
0.00246342
0.00262331
0.00250299
0.00238054
0.00243020
0.00240683
0.00215540
0.00214986
0.00213661
0.00217283
0.00234351
0.00219638
0.00223386
0.00209249
0.00196330
0.00203729
0.00191099
0.00189746
0.00174044
0.00177433
0.00184545
0.00175115
0.00182696
0.00166354
0.00164320
0.00158045
0.00138255
0.00137259
0.00124077
0.00121986
0.00131422
0.00118934
0.00092426
0.00096503
0.00102388
0.00104743
0.00098235
0.00091788
0.00115051
0.00096066
0.00089566
0.00113092
0.00105778
0.00081311
0.00087522
0.00109485
0.00081563
0.00082274
0.00095471
0.00072596
0.00063927
0.00063720
0.00055078
0.00047231
0.00067611
0.00080832
0.00087943
0.00063289
0.00044444
0.00070015
0.00053931
0.00066938
0.00064606
0.00068198
0.00073758
0.00039818
0.00078154
0.00068867
0.00056226
0.00054406
0.00042414
0.00068902
0.00055817
0.00044181
0.00037491
0.00046285
0.00051934
0.00055114
0.00055411
0.00036553
0.00053426
0.00046645
0.00029116
0.00018413
0.00017096
0.00032837
0.00006993
0.00018003
0.00023028
0.00010161
0.00018422
-0.00008549
-0.00003581
-0.00004024
-0.00004111
-0.00006909
-0.00019410
0.00005013
0.00006501
0.00011334
0.00012398
0.00001306
0.00002881
0.00004529
0.00009317
0.00016943
0.00026289
0.00005198
-0.00018957
0.00008942
0.00014459
0.00001524
0.00018501
0.00020981
0.00019889
0.00012675
0.00012904
0.00020153
0.00035655
0.00035540
0.00017458
0.00028647
-0.00001866
0.00001740
0.00013958
-0.00013743
-0.00002092
-0.00018722
-0.00004151
0.00017857
0.00004401
-0.00010866
-0.00015088
0.00004398
-0.00009857
-0.00000316
-0.00006666
-0.00022375
-0.00010825
-0.00017179
-0.00018282
-0.00025110
-0.00030080
-0.00051084
-0.00041860
-0.00040574
-0.00053118
-0.00047796
-0.00062863
-0.00054361
-0.00056329
-0.00040487
-0.00026870
-0.00035356
-0.00033227
-0.00034184
-0.00031283
-0.00036609
-0.00030908
-0.00028844
-0.00022164
-0.00029614
-0.00035700
-0.00011429
-0.00022509
-0.00042627
-0.00025973
-0.00035540
-0.00055681
-0.00027720
-0.00052937
-0.00063729
-0.00047065
-0.00078654
-0.00064439
-0.00054962
-0.00064793
-0.00074770
-0.00082596
-0.00090671
-0.00098701
-0.00089701
-0.00094731
-0.00094664
-0.00114513
-0.00112354
-0.00096186
-0.00117782
-0.00125753
-0.00131072
-0.00129620
-0.00126821
-0.00124216
-0.00138832
-0.00147029
-0.00151686
-0.00180002
-0.00140843
-0.00146572
-0.00169516
-0.00160938
-0.00184312
-0.00146234
-0.00143642
-0.00159545
-0.00146282
-0.00148188
-0.00162853
-0.00160108
-0.00123815
-0.00135993
-0.00136417
-0.00119151
-0.00116136
-0.00112852
-0.00120118
-0.00096675
-0.00077054
-0.00076644
-0.00055296
-0.00047406
-0.00052068
-0.00048068
-0.00039630
-0.00027653
-0.00042119
-0.00046395
-0.00014536
-0.00018179
-0.00033370
-0.00009726
-0.00009509
-0.00016166
-0.00013595
-0.00015511
-0.00015971
-0.00007030
-0.00003098
-0.00006026
0.00017248
-0.00011696
-0.00014383
-0.00006023
-0.00028829
-0.00000455
-0.00018017
-0.00024379
-0.00013340
-0.00008048
0.00012697
0.00019402
0.00042166
0.00027818
0.00023423
0.00046524
0.00054361
0.00068817
0.00090370
0.00096443
0.00096180
0.00119028
0.00098923
0.00102168
0.00135282
0.00127400
0.00147581
0.00130350
0.00098057
0.00110676
0.00094741
0.00095781
0.00096575
0.00085397
0.00104974
0.00063375
0.00052500
0.00078392
0.00041743
0.00037442
0.00026475
0.00032749
0.00032862
0.00008096
0.00027929
0.00002055
0.00002521
0.00015201
-0.00020530
0.00002976
0.00001198
-0.00008530
0.00024143
-0.00014617
0.00015454
0.00049008
-0.00009613
-0.00000358
-0.00007426
-0.00019387
-0.00016984
-0.00034397
-0.00036567
-0.00043331
-0.00057564
-0.00086390
-0.00084262
-0.00090957
-0.00116087
-0.00109042
-0.00100676
-0.00107091
-0.00120823
-0.00142054
-0.00158844
-0.00134577
-0.00150885
-0.00178408
-0.00145970
-0.00150122
-0.00156837
-0.00144851
-0.00154831
-0.00149393
-0.00145266
-0.00151239
-0.00140730
-0.00125683
-0.00120501
-0.00112970
-0.00107290
-0.00112563
-0.00102020
-0.00115871
-0.00109633
-0.00092798
-0.00117824
-0.00115279
-0.00142860
-0.00127044
-0.00115286
-0.00153385
-0.00113615
-0.00116809
-0.00134068
-0.00121040
-0.00108281
-0.00110064
-0.00117733
-0.00092725
-0.00107546
-0.00100168
-0.00102486
-0.00099007
-0.00055869
-0.00077204
-0.00066964
-0.00053376
-0.00067329
-0.00050106
-0.00039123
-0.00015352
-0.00009923
-0.00008378
0.00025269
0.00022968
0.00014100
0.00029740
0.00031068
0.00024974
0.00022412
0.00029989
0.00042919
0.00057243
0.00053622
0.00033790
0.00037911
0.00045582
0.00031071
0.00021813
0.00038323
0.00040521
0.00028766
0.00033569
0.00045768
0.00036050
0.00037263
0.00071201
0.00042324
0.00036188
0.00067531
0.00054199
0.00082663
0.00092537
0.00076181
0.00071931
0.00075534
0.00100998
0.00078063
0.00082797
0.00095464
0.00075325
0.00083892
0.00081566
0.00091717
0.00089872
0.00099413
0.00097355
0.00080447
0.00106850
0.00107656
0.00098362
0.00093922
0.00107149
0.00083407
0.00067633
0.00090238
0.00067860
0.00073782
0.00077904
0.00073215
0.00092338
0.00089994
0.00067755
0.00068608
0.00064497
0.00037052
0.00043399
0.00055424
0.00047955
0.00030462
0.00026999
-0.00009018
0.00027045
0.00140008
0.00142728
0.00145132
0.00141856
0.00142458
0.00148497
0.00128956
0.00168070
0.00162683
0.00153583
0.00162278
0.00150987
0.00152309
0.00149951
0.00143058
0.00135557
0.00150703
0.00155408
0.00146328
0.00131944
0.00141945
0.00148388
0.00141729
0.00152048
0.00131490
0.00136032
0.00134764
0.00128084
0.00127409
0.00101808
0.00108450
0.00104918
0.00116223
0.00121711
0.00091950
0.00113321
0.00121307
0.00112562
0.00124104
0.00106720
0.00115979
0.00132805
0.00115150
0.00095105
0.00085933
0.00102341
0.00092801
0.00087969
0.00096874
0.00094787
0.00094491
0.00074447
0.00080281
0.00083616
0.00081553
0.00072249
0.00059767
0.00065027
0.00045221
0.00057679
0.00067146
0.00051653
0.00044768
0.00035127
0.00047639
0.00054911
0.00052335
0.00055471
0.00048997
0.00050447
0.00067709
0.00051088
0.00052925
0.00071074
0.00060883
0.00076369
0.00063282
0.00045063
0.00048195
0.00049103
0.00031966
0.00019982
0.00057134
0.00041543
0.00054925
0.00078526
0.00040540
0.00052708
0.00028282
-0.00000196
0.00012558
0.00007574
0.00001729
-0.00016468
-0.00006181
-0.00014038
-0.00028976
0.00007307
-0.00014987
-0.00029034
-0.00003591
-0.00035659
-0.00024811
-0.00023966
-0.00059774
-0.00049688
-0.00064278
-0.00053312
-0.00043330
-0.00065577
-0.00066186
-0.00054700
-0.00050843
-0.00081061
-0.00067864
-0.00042594
-0.00060034
-0.00048350
-0.00020555
-0.00035670
-0.00046264
-0.00036343
-0.00041745
-0.00045936
-0.00043633
-0.00048273
-0.00056414
-0.00047747
-0.00047238
-0.00053330
-0.00081812
-0.00081234
-0.00069243
-0.00082655
-0.00067322
-0.00086615
-0.00106116
-0.00105740
-0.00093387
-0.00105018
-0.00115990
-0.00112082
-0.00142101
-0.00112586
-0.00108976
-0.00115209
-0.00111370
-0.00135430
-0.00116250
-0.00133995
-0.00127400
-0.00104996
-0.00112624
-0.00109942
-0.00131313
-0.00127830
-0.00123363
-0.00118919
-0.00124857
-0.00145795
-0.00121074
-0.00128972
-0.00144809
-0.00126034
-0.00133277
-0.00134284
-0.00123107
-0.00134097
-0.00140032
-0.00144819
-0.00167401
-0.00166604
-0.00162113
-0.00154569
-0.00150313
-0.00165046
-0.00162186
-0.00168714
-0.00157727
-0.00166625
-0.00187336
-0.00165379
-0.00170907
-0.00174383
-0.00151915
-0.00147521
-0.00166598
-0.00158322
-0.00153143
-0.00171889
-0.00163609
-0.00156326
-0.00160557
-0.00155327
-0.00142505
-0.00155762
-0.00142395
-0.00135576
-0.00154435
-0.00155215
-0.00169426
-0.00128089
-0.00134462
-0.00155445
-0.00112015
-0.00126362
-0.00128626
-0.00103461
-0.00098531
-0.00089181
-0.00077861
-0.00106431
-0.00127185
-0.00106618
-0.00105335
-0.00101506
-0.00095206
-0.00109248
-0.00105572
-0.00078588
-0.00089893
-0.00102066
-0.00088528
-0.00111182
-0.00114808
-0.00107562
-0.00099515
-0.00093608
-0.00110887
-0.00105759
-0.00133431
-0.00120664
-0.00089475
-0.00114084
-0.00111445
-0.00102723
-0.00121070
-0.00143251
-0.00113322
-0.00137873
-0.00168236
-0.00122825
-0.00134052
-0.00150552
-0.00155066
-0.00151105
-0.00117684
-0.00130596
-0.00135844
-0.00108466
-0.00120218
-0.00108526
-0.00109346
-0.00130902
-0.00132311
-0.00162572
-0.00148149
-0.00137187
-0.00135524
-0.00112034
-0.00124604
-0.00121154
-0.00131714
-0.00129902
-0.00120404
-0.00116549
-0.00091190
-0.00127339
-0.00115669
-0.00088597
-0.00111345
-0.00114295
-0.00131195
-0.00105226
-0.00106265
-0.00115394
-0.00088876
-0.00116099
-0.00114400
-0.00105012
-0.00111015
-0.00094424
-0.00107813
-0.00113165
-0.00097464
-0.00110525
-0.00113519
-0.00098241
-0.00098440
-0.00115578
-0.00125939
-0.00109418
-0.00120449
-0.00118403
-0.00095206
-0.00130744
-0.00138116
-0.00120908
-0.00126084
-0.00135219
-0.00124715
-0.00105811
-0.00150594
-0.00147986
-0.00123457
-0.00153214
-0.00136942
-0.00114986
-0.00131182
-0.00128066
-0.00111557
-0.00129218
-0.00154018
-0.00140902
-0.00107447
-0.00114270
-0.00114847
-0.00099915
-0.00090043
-0.00088035
-0.00090326
-0.00064680
-0.00073200
-0.00062462
-0.00060501
-0.00073646
-0.00052263
-0.00047560
-0.00040731
-0.00061502
-0.00054896
-0.00029048
-0.00045953
-0.00043138
-0.00039805
-0.00049287
-0.00052864
-0.00050703
-0.00021597
-0.00005505
-0.00031160
-0.00033275
-0.00012011
-0.00019577
-0.00010890
-0.00000844
-0.00016018
-0.00013040
-0.00009196
0.00002187
0.00003147
0.00020456
0.00036653
0.00007819
0.00037171
0.00060077
0.00052993
0.00066218
0.00057018
0.00082746
0.00110895
0.00107956
0.00093501
0.00078876
0.00093452
0.00088354
0.00105220
0.00128728
0.00127609
0.00157681
0.00152748
0.00140193
0.00161655
0.00158923
0.00167084
0.00173619
0.00157394
0.00181887
0.00181700
0.00163002
0.00186593
0.00193567
0.00200799
0.00193219
0.00168279
0.00180885
0.00210328
0.00200313
0.00166900
0.00174130
0.00175486
0.00162711
0.00171178
0.00169480
0.00171771
0.00176255
0.00174507
0.00172121
0.00167374
0.00165277
0.00170461
0.00159141
0.00151312
0.00184225
0.00154236
0.00144002
0.00151433
0.00118796
0.00113389
0.00096570
0.00116396
0.00092966
0.00080063
0.00092649
0.00064863
0.00063152
0.00057338
0.00066600
0.00071676
0.00059728
0.00047590
0.00056584
0.00045829
0.00041950
0.00050727
0.00027730
0.00027434
0.00041440
0.00058215
0.00046712
0.00041438
0.00044313
0.00050086
0.00058022
0.00029478
0.00042238
0.00036276
0.00029871
0.00065620
0.00029889
0.00020381
0.00043249
0.00022435
0.00020485
0.00042246
0.00042107
0.00045579
0.00056670
0.00052391
0.00072994
0.00062587
0.00069641
0.00075230
0.00051484
0.00063716
0.00050153
0.00050816
0.00027478
0.00035696
0.00065159
0.00026192
0.00044690
0.00066047
0.00064187
0.00070888
0.00068956
0.00068689
0.00060933
0.00083329
0.00082137
0.00067125
0.00087949
0.00083727
0.00072438
0.00085813
0.00099005
0.00090787
0.00095622
0.00092756
0.00097565
0.00122188
0.00108208
0.00125988
0.00134024
0.00107524
0.00102641
